Filename: yoda.tif
-----------------------------Header Info-----------------------------
Byte Order:			4949
Version:			2A
Offset:				8
Number of Directory Entry:	16
-----------------------------Data  Entry-----------------------------
	Tag				Type		Count	Value
---------------------------------------------------------------------
FE (NewSubfileType)			4 (LONG)	1	0
FF (SubFileType)			3 (SHORT)	1	1
0100 (ImageWidth)			3 (SHORT)	1	123
0101 (ImageLength)			3 (SHORT)	1	62
0102 (BitsPerSample)			3 (SHORT)	1	8
0103 (Compression)			3 (SHORT)	1	1
0106 (PhotometricInterpretation)	3 (SHORT)	1	1
0111 (StripOffsets)			4 (LONG)	1	288
0115 (SamplesPerPixel)			3 (SHORT)	1	1
0116 (RowsPerStrip)			4 (LONG)	1	62
0117 (StripByteCounts)			4 (LONG)	1	7626
011A (XResolution)			5 (RATIONAL)	1	242
011B (YResolution)			5 (RATIONAL)	1	250

-----------------------------Image  Data-----------------------------
		0404 0404 0404 0404 0404 0404 0404 0404
		0404 0405 0505 0505 0505 0505 0505 0505
		0505 050B 0B0B 0B0B 0B0B 0B04 0507 0709
		0A08 0409 0101 0906 060D 0E0D 0A0A 0A04
		0202 0504 0405 0208 1510 0104 0404 0404
		0404 0404 0404 0404 0404 0404 0404 0404
		0404 0404 0404 0404 0404 0404 0404 0404
		0404 0404 0404 0404 0404 0404 0404 0404
		0404 0404 0404 0404 0404 0404 0404 0505
		0505 0505 0505 0505 0505 0505 0505 0505
		0505 0505 0505 0405 0503 0101 0203 0101
		1022 2930 3639 302A 282A 2821 1C1D 1A06
		0008 1009 0306 0404 0404 0404 0404 0404
		0404 0404 0404 0404 0404 0404 0404 0404
		0404 0404 0404 0404 0404 0404 0404 0404
		0404 0404 0404 0404 0404 0404 0404 0404
		0404 0404 0404 0404 0404 0404 0404 0404
		0404 0404 0404 0404 0402 0202 0202 0202
		0209 0504 0405 0507 0A04 1E37 4752 5352
		5457 514E 5355 514A 4543 2B0E 0001 090B
		0704 0404 0404 0404 0404 0404 0404 0404
		0404 0404 0404 0404 0404 0404 0404 0404
		0404 0404 0404 0404 0404 0404 0404 0404
		0404 0404 0404 0404 0404 0404 0404 0404
		0404 0404 0303 0303 0303 0303 0303 0303
		0303 0303 0505 0505 0505 0505 0903 040C
		0C05 0103 2B4F 656B 716B 5F61 6462 6367
		6B6A 6562 5651 3A19 0708 0A06 0404 0404
		0404 0404 0404 0404 0404 0404 0404 0404
		0404 0404 0404 0404 0404 0404 0404 0404
		0404 0404 0404 0404 0404 0404 0404 0404
		0404 0404 0404 0404 0404 0404 0404 0403
		0303 0303 0303 0303 0303 0303 0303 0307
		0707 0707 0707 0702 0207 0B03 0101 0F5D
		7C82 7B7E 776E 7872 7577 7877 7674 7260
		5C5F 5A3D 1302 0204 0404 0404 0404 0404
		0404 0404 0404 0404 0404 0404 0404 0404
		0404 0404 0404 0404 0404 0404 0404 0404
		0404 0404 0404 0404 0404 0404 0404 0404
		0404 0404 0404 0404 0404 0303 0303 0303
		0303 0303 0303 0303 0303 0404 0404 0404
		0404 0107 0801 010F 3556 818F 8678 7A74
		7381 8285 8582 7F7C 756D 756D 6664 6048
		1D01 0404 0404 0404 0404 0404 0404 0404
		0404 0404 0404 0404 0404 0404 0404 0404
		0404 0404 0404 0404 0404 0404 0404 0404
		0404 0404 0404 0404 0404 0404 0404 0404
		0404 0404 0403 0303 0303 0303 0303 0303
		0303 0303 0303 0303 0303 0303 0304 0B04
		0113 4D7A 898A 9088 8387 7F7A 8684 8381
		8083 7F6D 5A78 7E70 5A5E 684A 1704 0404
		0404 0404 0404 0404 0404 0404 0404 0404
		0404 0404 0404 0404 0404 0404 0404 0404
		0404 0404 0404 0404 0404 0404 0404 0404
		0404 0404 0404 0404 0404 0404 0404 0404
		0404 0404 0404 0404 0404 0404 0404 0404
		0505 0505 0505 0505 050A 0101 347F 957D
		858C 919C A79C 9096 9792 8E93 9D9B 8062
		637A 8574 5C51 5051 0404 0404 0404 0404
		0404 0404 0404 0404 0404 0404 0404 0404
		0404 0404 0404 0404 0404 0404 0404 0404
		0404 0404 0404 0404 0404 0405 0504 0303
		0303 0404 0404 0404 0404 0404 0404 0404
		0404 0404 0404 0404 0404 040B 0701 0408
		0205 0303 040B 4C90 9286 858D 9DA1 9D9C
		948B 899C A7A9 A49C 877C 8686 7F77 735D
		3A4D 8B43 0704 0700 0506 0104 0404 0404
		0404 0404 0404 0404 0404 0404 0404 0404
		0404 0404 0404 0404 0404 040B 0804 0203
		0504 0404 0404 0505 0403 0303 0304 0404
		0404 0404 0404 0404 0404 0404 0404 0404
		0404 0404 0404 0104 0102 0505 0601 0C44
		6B8C 9D90 8E94 8F99 9894 9892 837C 9296
		9595 9381 767D 8C96 8561 5362 6F70 702B
		0301 060A 0302 0404 0404 0404 0404 0404
		0404 0404 0404 0404 0404 0404 0404 0404
		0404 0404 0404 0B08 0402 0305 0404 0404
		0405 0504 0303 0303 0404 0404 0404 0404
		0404 0404 0404 0404 0404 0404 0404 0404
		0405 0402 0705 0001 0046 8AA7 A39E 9899
		9495 9D9C 9EA8 A28E 8092 9091 999B 8A7E
		8180 8277 656A 8489 7574 561D 0201 0000
		0004 0404 0404 0404 0404 0404 0404 0404
		0404 0404 0404 0404 0404 0404 0404 0404
		040B 0804 0203 0504 0404 0404 0505 0403
		0303 0304 0404 0404 0404 0404 0404 0404
		0404 0404 0404 0404 0404 0404 0600 0408
		0101 1A39 6796 9D95 9EAA AB98 9BA8 ADB4
		C0BC A89B 9898 9DA6 A494 8A8C 8678 6E7E
		9493 8480 7E76 3807 0105 0F00 0404 0404
		0404 0404 0404 0404 0404 0404 0404 0404
		0404 0404 0404 0404 0404 0404 0B08 0402
		0305 0404 0404 0405 0504 0303 0303 0404
		0404 0404 0404 0404 0404 0404 0404 0404
		0404 0404 0404 0405 060B 0201 2B6D 9680
		A0A4 A4AA AAA1 899E AEB5 B7BE BBB1 AEAE
		B0B5 B4A9 9FA0 A69B 896E 7EAA A586 8680
		7342 1B02 010C 0504 0404 0404 0404 0404
		0404 0404 0404 0404 0404 0404 0404 0404
		0404 0404 0404 040B 0804 0203 0504 0404
		0404 0505 0403 0303 0304 0404 0404 0404
		0404 0404 0404 0404 0404 0404 0404 0404
		0404 0A05 0101 1E74 A49E 93A3 A4AD B6B4
		AE9A 9EAE B0AA AAA8 A5A9 B8BA B9AC 9C9C
		A8AC 9F80 5D73 AAA7 8B91 7B65 4B4C 3B08
		010A 0404 0404 0404 0404 0404 0404 0404
		0404 0404 0404 0404 0404 0404 0404 0404
		0404 0B08 0402 0305 0404 0404 0405 0504
		0303 0303 0404 0404 0404 0404 0404 0404
		0404 0404 0404 0404 0404 0404 0402 0110
		325C 8F94 7999 A19B A2AC B3B9 ACA0 B0B3
		AEAC A69E 9EA8 ADAD 9C8E 969E 948E 736C
		8FAB 9B88 9188 693E 5693 6002 0104 0404
		0404 0404 0404 0404 0404 0404 0404 0404
		0404 0404 0404 0404 0404 0404 040B 0804
		0203 0504 0404 0404 0505 0403 0303 0304
		0404 0404 0404 0404 0404 0404 0404 0404
		0404 0404 0404 0404 0107 57A6 AF97 898E
		899F A29F 9A9E ACA7 A4B6 BFC0 C2B7 A49B
		ABB4 B9AB A1AB A890 7377 9BBD B59D 938F
		786C 292C 9B85 0801 0404 0404 0404 0404
		0404 0404 0404 0404 0404 0404 0404 0404
		0404 0404 0404 0404 0B08 0402 0305 0404
		0404 0401 0403 0103 0807 0104 0303 0405
		0707 0703 0904 020A 0802 0401 0304 0403
		0000 0006 4387 999F 9179 8D9D 9BA7 AFA9
		A9AD A8A3 BEC3 BCC0 B7A0 95B9 C3BD B3AB
		ADAA 8D7F 879E 9B8F 9693 8D88 5323 3865
		6E4F 2105 0406 0B04 0101 0701 0A08 0208
		0703 0403 0005 0202 0A02 0203 0506 0402
		0205 080C 0904 0204 0504 0104 0404 0708
		0504 0508 0907 0505 0504 0302 0101 050B
		0802 0402 030C 0A03 0000 0508 0200 2C62
		7C76 6D68 7EA2 A8A4 A8AA A9B0 B0A2 B4BE
		BABE CBBF A9A8 B2C6 B6B0 BBA8 9495 9AAD
		B89C 8B9A 947C 7554 2F36 5B7D 877A 661C
		0101 0A01 0407 030A 0301 0105 0509 0000
		0900 0107 0709 0401 0107 0C0A 0201 0905
		0302 0405 0505 0404 0401 0205 0705 0101
		0103 0302 0202 0203 0405 0500 0004 0300
		0500 0104 0B0A 0000 1F6B 7453 4B60 7A9D
		A6B1 B9C1 C2C2 C8BC A3B4 B5AF BBD1 C3AA
		ACBC CCC2 BCB8 9C93 A8B3 BABC A89C A49E
		8C78 5532 3546 5169 7FA4 5E0F 010A 0A02
		0100 0504 0105 0604 0403 0405 0005 0C04
		0104 0403 0201 0205 090C 0905 0404 0302
		0204 0404 0A05 0404 0302 050B 0000 0101
		0101 0204 0201 0104 0603 0103 0A05 0101
		0101 2377 9E9D 8072 7F98 AFAC B0BD C3C2
		C8D3 CAB2 A7B1 A7AC CBC7 ABA5 BEC7 D4C7
		A49F B5BC B6B5 B2AA ABB0 A492 835F 3D3A
		3B2F 3348 5C80 4E03 0002 0B0E 0607 0503
		0405 0405 0203 0302 0100 0006 010B 0C04
		0308 0401 0F08 0304 0503 0305 0404 0402
		0203 0303 0101 0101 0407 0703 0000 0105
		0102 0603 0104 0B03 0404 132B 3D67 A38C
		93A2 9A98 A7A7 A5AA ADAD B1C3 CCB9 9FB3
		BD9E 8CB0 C1A7 94B3 BEC4 A992 AEC6 B9C4
		CABC AAAE B6A1 7C76 6F53 393D 4B55 6029
		7684 4B0C 0103 0101 0103 0705 0201 0107
		0100 0410 0401 0951 5B5A 5562 6A45 1112
		0501 0207 0708 0C04 0404 0707 0301 020C
		0F0B 2525 231F 1D21 2931 1F04 0101 0E14
		120B 193A 576F 8C96 9292 6F68 848F 98A7
		9483 7C70 6575 97A8 A39C C7C9 9570 8EA1
		8776 9DA9 9371 8CBF C4B3 CCCD B9AC ABA3
		917C 8182 6539 344B 6484 665C 6D7B 4525
		2D0D 0703 0301 0100 0506 0107 1A45 6B68
		5856 827E 6A59 616D 542B 2612 0203 0503
		0103 0404 040A 0B05 0826 5675 7D8A 8B8A
		8787 8E9B A59C 7A6D 7E8E 948D 7F7A 8F9E
		A09E 9791 9285 7886 938D 8C84 714B 3E34
		3F54 617D A2B3 BA97 8298 9075 798E 8E7E
		6F94 C3BB A3B7 B1A1 A29D 888B 